
x_max =  3.281367858273556e-8
x_min = -3.228963544902833e-8