
u=[ 1.0 1.0 1.0 1.0 1.0   -1.0 -1.0 -1.0 -1.0     1.0 1.0 1.0 1.0   -1.0 -1.0 -1.0 -1.0    1.0 1.0 1.0 1.0 1.0    1.0]

x(22)= 3.219216800279535e-8 der neue Maximale Wert





u=[-1.0 -1.0 -1.0 -1.0 -1.0   1.0 1.0 1.0 1.0     -1.0 -1.0 -1.0 -1.0    1.0 1.0 1.0 1.0  -1.0 -1.0 -1.0 -1.0 -1.0    -1.0]

x(22)= -3.1386156716438834e-8 der neue Minimale Wert




Fazit: die Extrema steigen weiter nach 4x-Umpolung (5,4,4,4,5 gleiche Samples von u)